

Results from heasarc_bsc5p: Bright Star Catalog
Coordinate system:  Equatorial
|name   |alt_name  |ra         |dec        |vmag |
|HR 2491|9Alp CMa  |06 45 08.90|-16 42 58.0|-1.46|
|HR 2326|Alp Car   |06 23 57.10|-52 41 44.9|-0.72|
|HR 5340|16Alp Boo |14 15 39.70|+19 10 57.0|-0.04|
|HR 5459|Alp1Cen   |14 39 35.90|-60 50 07.1|-0.01|
|HR 7001|3Alp Lyr  |18 36 56.30|+38 47 01.0| 0.03|
|HR 1708|13Alp Aur |05 16 41.40|+45 59 53.2| 0.08|
|HR 1713|19Bet Ori |05 14 32.30|-08 12 06.1| 0.12|
|HR 2943|10Alp CMi |07 39 18.10|+05 13 30.0| 0.38|
|HR 472 |Alp Eri   |01 37 42.89|-57 14 12.1| 0.46|
|HR 2061|58Alp Ori |05 55 10.30|+07 24 24.8| 0.50|
|HR 5267|Bet Cen   |14 03 49.39|-60 22 23.2| 0.61|
|HR 7557|53Alp Aql |19 50 46.99|+08 52 05.9| 0.77|
|HR 1457|87Alp Tau |04 35 55.20|+16 30 33.1| 0.85|
|HR 6134|21Alp Sco |16 29 24.41|-26 25 54.8| 0.96|
|HR 5056|67Alp Vir |13 25 11.59|-11 09 41.0| 0.98|
|HR 2990|78Bet Gem |07 45 18.91|+28 01 34.0| 1.14|
|HR 8728|24Alp PsA |22 57 39.10|-29 37 19.9| 1.16|
|HR 7924|50Alp Cyg |20 41 25.90|+45 16 49.1| 1.25|
|HR 4853|Bet Cru   |12 47 43.20|-59 41 19.0| 1.25|
|HR 4730|Alp1Cru   |12 26 35.90|-63 05 57.1| 1.33|
|HR 5460|Alp2Cen   |14 39 36.10|-60 50 08.2| 1.33|
|HR 3982|32Alp Leo |10 08 22.30|+11 58 01.9| 1.35|
|HR 2618|21Eps CMa |06 58 37.49|-28 58 19.9| 1.50|
|HR 6527|35Lam Sco |17 33 36.50|-37 06 14.0| 1.63|
|HR 4763|Gam Cru   |12 31 09.89|-57 06 47.9| 1.63|
|HR 1790|24Gam Ori |05 25 07.90|+06 20 58.9| 1.64|
|HR 1791|112Bet Tau|05 26 17.50|+28 36 27.0| 1.65|
|HR 3685|Bet Car   |09 13 12.00|-69 43 01.9| 1.68|
|HR 1903|46Eps Ori |05 36 12.79|-01 12 06.8| 1.70|
|HR 4731|Alp2Cru   |12 26 36.50|-63 05 57.8| 1.73|
|HR 8425|Alp Gru   |22 08 13.99|-46 57 40.0| 1.74|
|HR 4905|77Eps UMa |12 54 01.70|+55 57 34.9| 1.77|
|HR 3207|Gam2Vel   |08 09 31.99|-47 20 12.1| 1.78|
|HR 1017|33Alp Per |03 24 19.39|+49 51 40.0| 1.79|
|HR 4301|50Alp UMa |11 03 43.70|+61 45 02.9| 1.79|
|HR 2693|25Del CMa |07 08 23.50|-26 23 35.9| 1.84|
|HR 6879|20Eps Sgr |18 24 10.30|-34 23 04.9| 1.85|
|HR 5191|85Eta UMa |13 47 32.40|+49 18 47.9| 1.86|
|HR 3307|Eps Car   |08 22 30.79|-59 30 34.9| 1.86|
|HR 6553|The Sco   |17 37 19.20|-42 59 52.1| 1.87|
|HR 2088|34Bet Aur |05 59 31.70|+44 56 51.0| 1.90|
|HR 6217|Alp TrA   |16 48 39.89|-69 01 40.1| 1.92|
|HR 2421|24Gam Gem |06 37 42.70|+16 23 57.1| 1.93|
|HR 7790|Alp Pav   |20 25 38.90|-56 44 06.0| 1.94|
|HR 3485|Del Vel   |08 44 42.19|-54 42 29.9| 1.96|
|HR 2891|66Alp Gem |07 34 36.00|+31 53 17.9| 1.98|
|HR 2294|2Bet CMa  |06 22 42.00|-17 57 20.9| 1.98|
|HR 3748|30Alp Hya |09 27 35.21|-08 39 31.0| 1.98|
|HR 617 |13Alp Ari |02 07 10.39|+23 27 45.0| 2.00|
|HR 5958|          |15 59 30.19|+25 55 13.1| 2.00|
|HR 7121|34Sig Sgr |18 55 15.91|-26 17 48.1| 2.02|
|HR 424 |1Alp UMi  |02 31 48.70|+89 15 51.1| 2.02|
|HR 188 |16Bet Cet |00 43 35.40|-17 59 12.1| 2.04|
|HR 1948|50Zet Ori |05 40 45.50|-01 56 34.1| 2.05|
|HR 5288|5The Cen  |14 06 40.99|-36 22 12.0| 2.06|
|HR 15  |21Alp And |00 08 23.30|+29 05 26.2| 2.06|
|HR 337 |43Bet And |01 09 43.90|+35 37 14.2| 2.06|
|HR 2004|53Kap Ori |05 47 45.41|-09 40 10.9| 2.06|
|HR 6556|55Alp Oph |17 34 56.11|+12 33 36.0| 2.08|
|HR 5563|7Bet UMi  |14 50 42.31|+74 09 20.2| 2.08|
|HR 8636|Bet Gru   |22 42 40.10|-46 53 04.9| 2.10|
|HR 936 |26Bet Per |03 08 10.10|+40 57 20.2| 2.12|
|HR 4534|94Bet Leo |11 49 03.60|+14 34 18.8| 2.14|
|HR 4819|Gam Cen   |12 41 31.01|-48 57 34.9| 2.17|
|HR 7796|37Gam Cyg |20 22 13.70|+40 15 24.1| 2.20|
|HR 3634|Lam Vel   |09 07 59.81|-43 25 57.0| 2.21|
|HR 5793|5Alp CrB  |15 34 41.30|+26 42 52.9| 2.23|
|HR 6705|33Gam Dra |17 56 36.41|+51 29 20.0| 2.23|
|HR 168 |18Alp Cas |00 40 30.50|+56 32 13.9| 2.23|
|HR 1852|34Del Ori |05 32 00.41|-00 17 57.1| 2.23|
|HR 3165|Zet Pup   |08 03 35.09|-40 00 11.9| 2.25|
|HR 3699|Iot Car   |09 17 05.40|-59 16 31.1| 2.25|
|HR 603 |57Gam1And |02 03 54.00|+42 19 46.9| 2.26|
|HR 5054|79Zet UMa |13 23 55.49|+54 55 31.1| 2.27|
|HR 21  |11Bet Cas |00 09 10.70|+59 08 58.9| 2.27|
|HR 6241|26Eps Sco |16 50 09.79|-34 17 35.9| 2.29|
|HR 5132|Eps Cen   |13 39 53.21|-53 27 59.0| 2.30|
|HR 5469|Alp Lup   |14 41 55.80|-47 23 17.9| 2.30|
|HR 5440|Eta Cen   |14 35 30.41|-42 09 28.1| 2.31|
|HR 5953|7Del Sco  |16 00 19.99|-22 37 18.1| 2.32|
|HR 4295|48Bet UMa |11 01 50.50|+56 22 57.0| 2.37|
|HR 8308|8Eps Peg  |21 44 11.21|+09 52 30.0| 2.39|
|HR 99  |Alp Phe   |00 26 16.99|-42 18 22.0| 2.39|
|HR 6580|Kap Sco   |17 42 29.30|-39 01 48.0| 2.41|
|HR 8775|53Bet Peg |23 03 46.51|+28 04 58.1| 2.42|
|HR 6378|35Eta Oph |17 10 22.70|-15 43 28.9| 2.43|
|HR 4554|64Gam UMa |11 53 49.80|+53 41 40.9| 2.44|
|HR 8162|5Alp Cep  |21 18 34.80|+62 35 08.2| 2.44|
|HR 2827|31Eta CMa |07 24 05.71|-29 18 11.2| 2.45|
|HR 7949|53Eps Cyg |20 46 12.70|+33 58 13.1| 2.46|
|HR 264 |27Gam Cas |00 56 42.50|+60 43 00.1| 2.47|
|HR 8781|54Alp Peg |23 04 45.70|+15 12 19.1| 2.49|
|HR 3734|Kap Vel   |09 22 06.79|-55 00 38.9| 2.50|
|HR 911 |92Alp Cet |03 02 16.80|+04 05 22.9| 2.53|
|HR 5231|Zet Cen   |13 55 32.40|-47 17 17.9| 2.55|
|HR 4357|68Del Leo |11 14 06.50|+20 31 25.0| 2.56|
|HR 6175|13Zet Oph |16 37 09.50|-10 34 01.9| 2.56|
|HR 1865|11Alp Lep |05 32 43.80|-17 49 19.9| 2.58|
|HR 4662|4Gam Crv  |12 15 48.41|-17 32 30.8| 2.59|
|HR 4621|Del Cen   |12 08 21.50|-50 43 21.0| 2.60|
|HR 7194|38Zet Sgr |19 02 36.70|-29 52 49.1| 2.60|
|HR 4057|41Gam1Leo |10 19 58.30|+19 50 30.1| 2.61|
|HR 5685|27Bet Lib |15 17 00.41|-09 22 59.2| 2.61|
|HR 2095|37The Aur |05 59 43.30|+37 12 45.0| 2.62|
|HR 5984|8Bet1Sco  |16 05 26.21|-19 48 20.2| 2.62|
|HR 553 |6Bet Ari  |01 54 38.40|+20 48 29.2| 2.64|
|HR 1956|Alp Col   |05 39 38.90|-34 04 27.1| 2.64|
|HR 4786|9Bet Crv  |12 34 23.21|-23 23 48.1| 2.65|
|HR 5854|24Alp Ser |15 44 16.10|+06 25 32.2| 2.65|
|HR 5235|8Eta Boo  |13 54 41.09|+18 23 52.1| 2.68|
|HR 5571|Bet Lup   |14 58 31.90|-43 08 02.0| 2.68|
|HR 403 |37Del Cas |01 25 49.01|+60 14 07.1| 2.68|
|HR 4216|Mu  Vel   |10 46 46.20|-49 25 12.0| 2.69|
|HR 6508|34Ups Sco |17 30 45.79|-37 17 44.9| 2.69|
|HR 1577|3Iot Aur  |04 56 59.59|+33 09 58.0| 2.69|
|HR 4798|Alp Mus   |12 37 10.99|-69 08 08.2| 2.69|
|HR 2773|Pi  Pup   |07 17 08.59|-37 05 51.0| 2.70|
|HR 6859|19Del Sgr |18 20 59.69|-29 49 41.2| 2.70|
|HR 5506|36Eps Boo |14 44 59.21|+27 04 27.1| 2.70|
|HR 7525|50Gam Aql |19 46 15.60|+10 36 47.9| 2.72|
|HR 6132|14Eta Dra |16 23 59.50|+61 30 51.1| 2.74|
|HR 6056|1Del Oph  |16 14 20.69|-03 41 39.8| 2.74|
|HR 5028|Iot Cen   |13 20 35.81|-36 42 43.9| 2.75|
|HR 5531|9Alp2Lib  |14 50 52.70|-16 02 30.1| 2.75|
|HR 4199|The Car   |10 42 57.41|-64 23 39.8| 2.76|
|HR 6148|27Bet Her |16 30 13.20|+21 29 22.9| 2.77|
|HR 1899|44Iot Ori |05 35 25.99|-05 54 36.0| 2.77|
|HR 6603|60Bet Oph |17 43 28.39|+04 34 01.9| 2.77|
|HR 5776|Gam Lup   |15 35 08.50|-41 10 00.8| 2.78|
|HR 6536|23Bet Dra |17 30 25.99|+52 18 05.0| 2.79|
|HR 1666|67Bet Eri |05 07 51.00|-05 05 11.0| 2.79|
|HR 98  |Bet Hyi   |00 25 45.10|-77 15 15.1| 2.80|
|HR 4656|Del Cru   |12 15 08.71|-58 44 56.0| 2.80|
|HR 6913|22Lam Sgr |18 27 58.20|-25 25 18.1| 2.81|
|HR 6212|40Zet Her |16 41 17.21|+31 36 11.2| 2.81|
|HR 3185|15Rho Pup |08 07 32.59|-24 18 15.1| 2.81|
|HR 6165|23Tau Sco |16 35 52.99|-28 12 58.0| 2.82|
|HR 4932|47Eps Vir |13 02 10.61|+10 57 33.1| 2.83|
|HR 39  |88Gam Peg |00 13 14.21|+15 11 01.0| 2.83|
|HR 1829|9Bet Lep  |05 28 14.69|-20 45 33.8| 2.84|
|HR 1203|44Zet Per |03 54 07.90|+31 53 01.0| 2.85|
|HR 5897|Bet TrA   |15 55 08.50|-63 25 50.2| 2.85|
|HR 6461|Bet Ara   |17 25 18.00|-55 31 48.0| 2.85|
|HR 591 |Alp Hyi   |01 58 46.20|-61 34 10.9| 2.86|
|HR 8502|Alp Tuc   |22 18 30.10|-60 15 34.9| 2.86|
|HR 1165|25Eta Tau |03 47 29.11|+24 06 18.0| 2.87|
|HR 7528|18Del Cyg |19 44 58.49|+45 07 50.9| 2.87|
|HR 8322|49Del Cap |21 47 02.40|-16 07 37.9| 2.87|
|HR 2286|13Mu  Gem |06 22 57.60|+22 30 49.0| 2.88|
|HR 2890|66Alp Gem |07 34 36.00|+31 53 19.0| 2.88|
|HR 5944|6Pi  Sco  |15 58 51.10|-26 06 51.1| 2.89|
|HR 6084|20Sig Sco |16 21 11.30|-25 35 34.1| 2.89|
|HR 7264|41Pi  Sgr |19 09 45.79|-21 01 25.0| 2.89|
|HR 1220|45Eps Per |03 57 51.19|+40 00 37.1| 2.89|
|HR 5671|Gam TrA   |15 18 54.60|-68 40 45.8| 2.89|
|HR 4915|12Alp2CVn |12 56 01.70|+38 19 05.9| 2.90|
|HR 2845|3Bet CMi  |07 27 09.00|+08 17 21.8| 2.90|
|HR 8232|22Bet Aqr |21 31 33.50|-05 34 16.0| 2.91|
|HR 2553|Tau Pup   |06 49 56.21|-50 36 52.9| 2.93|
|HR 915 |23Gam Per |03 04 47.81|+53 30 23.0| 2.93|
|HR 8650|44Eta Peg |22 43 00.10|+30 13 17.0| 2.94|
|HR 6510|Alp Ara   |17 31 50.50|-49 52 34.0| 2.95|
|HR 1231|34Gam Eri |03 58 01.80|-13 30 31.0| 2.95|
|HR 4757|7Del Crv  |12 29 51.89|-16 30 56.2| 2.95|
|HR 8414|34Alp Aqr |22 05 46.99|-00 19 10.9| 2.96|
|HR 2473|27Eps Gem |06 43 55.90|+25 07 52.0| 2.98|
|HR 3873|17Eps Leo |09 45 51.10|+23 46 27.1| 2.98|
|HR 7235|17Zet Aql |19 05 24.60|+13 51 47.9| 2.99|
|HR 6746|10Gam2Sgr |18 05 48.50|-30 25 27.1| 2.99|
|HR 1605|7Eps Aur  |05 01 58.10|+43 49 23.9| 2.99|
|HR 1910|123Zet Tau|05 37 38.69|+21 08 33.0| 3.00|
|HR 622 |4Bet Tri  |02 09 32.59|+34 59 13.9| 3.00|
|HR 5020|46Gam Hya |13 18 55.30|-23 10 18.1| 3.00|
|HR 4630|2Eps Crv  |12 10 07.49|-22 37 10.9| 3.00|
|HR 8353|Gam Gru   |21 53 55.70|-37 21 54.0| 3.01|
|HR 1122|39Del Per |03 42 55.51|+47 47 15.0| 3.01|
|HR 4335|52Psi UMa |11 09 39.79|+44 29 55.0| 3.01|
|HR 3890|Ups Car   |09 47 06.10|-65 04 18.8| 3.01|
|HR 2282|1Zet CMa  |06 20 18.79|-30 03 47.9| 3.02|
|HR 2653|24Omi2CMa |07 03 01.49|-23 49 59.9| 3.02|
|HR 6615|Iot1Sco   |17 47 35.09|-40 07 36.8| 3.03|
|HR 5435|27Gam Boo |14 32 04.70|+38 18 29.9| 3.03|
|HR 5193|Mu  Cen   |13 49 37.01|-42 28 26.0| 3.04|
|HR 681 |68Omi Cet |02 19 20.71|-02 58 39.0| 3.04|
|HR 4069|34Mu  UMa |10 22 19.70|+41 29 57.8| 3.05|
|HR 5735|13Gam UMi |15 20 43.70|+71 50 02.0| 3.05|
|HR 4844|Bet Mus   |12 46 16.90|-68 06 29.2| 3.05|
|HR 7310|57Del Dra |19 12 33.31|+67 39 42.1| 3.07|
|HR 6247|Mu 1Sco   |16 51 52.20|-38 02 51.0| 3.08|
|HR 7417|6Bet1Cyg  |19 30 43.30|+27 57 34.9| 3.08|
|HR 7776|9Bet Cap  |20 21 00.70|-14 46 53.0| 3.08|
|HR 7869|Alp Ind   |20 37 34.01|-47 17 29.0| 3.11|
|HR 6832|Eta Sgr   |18 17 37.61|-36 45 42.1| 3.11|
|HR 4232|Nu  Hya   |10 49 37.49|-16 11 37.0| 3.11|
|HR 3547|16Zet Hya |08 55 23.59|+05 56 44.2| 3.11|
|HR 2040|Bet Col   |05 50 57.60|-35 46 05.9| 3.12|
|HR 5576|Kap Cen   |14 59 09.70|-42 06 15.1| 3.13|
|HR 3705|40Alp Lyn |09 21 03.29|+34 23 33.0| 3.13|
|HR 4467|Lam Cen   |11 35 46.80|-63 01 10.9| 3.13|
|HR 3803|          |09 31 13.30|-57 02 03.8| 3.13|
|HR 6285|Zet Ara   |16 58 37.20|-55 59 25.1| 3.13|
|HR 6410|65Del Her |17 15 01.90|+24 50 21.1| 3.14|
|HR 3569|9Iot UMa  |08 59 12.41|+48 02 30.1| 3.14|
|HR 6418|67Pi  Her |17 15 02.81|+36 48 33.1| 3.16|
|HR 2451|Nu  Pup   |06 37 45.70|-43 11 46.0| 3.17|
|HR 7039|27Phi Sgr |18 45 39.41|-26 59 26.9| 3.17|
|HR 1641|10Eta Aur |05 06 30.91|+41 14 03.8| 3.17|
|HR 3775|25The UMa |09 32 51.41|+51 40 37.9| 3.17|
|HR 6396|22Zet Dra |17 08 47.21|+65 42 52.9| 3.17|
|HR 1654|2Eps Lep  |05 05 27.70|-22 22 16.0| 3.19|
|HR 5463|Alp Cir   |14 42 30.41|-64 58 31.1| 3.19|
|HR 1543|1Pi 3Ori  |04 49 50.40|+06 57 41.0| 3.19|
|HR 6299|27Kap Oph |16 57 40.10|+09 22 30.0| 3.20|
|HR 8115|64Zet Cyg |21 12 56.21|+30 13 36.8| 3.20|
|HR 6630|          |17 49 51.50|-37 02 35.9| 3.21|
|HR 8974|35Gam Cep |23 39 20.81|+77 37 57.0| 3.21|
|HR 5695|Del Lup   |15 21 22.30|-40 38 51.0| 3.22|
|HR 7710|65The Aql |20 11 18.31|-00 49 17.0| 3.23|
|HR 8238|8Bet Cep  |21 28 39.60|+70 33 38.9| 3.23|
|HR 897 |The1Eri   |02 58 15.70|-40 18 16.9| 3.24|
|HR 7178|14Gam Lyr |18 58 56.59|+32 41 21.8| 3.24|
|HR 1208|Gam Hyi   |03 47 14.30|-74 14 20.0| 3.24|
|HR 6075|2Eps Oph  |16 18 19.30|-04 41 33.0| 3.24|
|HR 2878|Sig Pup   |07 29 13.80|-43 18 05.0| 3.25|
|HR 6869|58Eta Ser |18 21 18.60|-02 53 56.0| 3.26|
|HR 165 |31Del And |00 39 19.70|+30 51 38.9| 3.27|
|HR 5287|49Pi  Hya |14 06 22.30|-26 40 57.0| 3.27|
|HR 6453|42The Oph |17 22 00.60|-24 59 57.8| 3.27|
|HR 8709|76Del Aqr |22 54 39.00|-15 49 14.9| 3.27|
|HR 2550|Alp Pic   |06 48 11.40|-61 56 29.0| 3.27|
|HR 1465|Alp Dor   |04 33 59.81|-55 02 42.0| 3.27|
|HR 2216|7Eta Gem  |06 14 52.61|+22 30 24.1| 3.28|
|HR 5603|20Sig Lib |15 04 04.20|-25 16 54.8| 3.29|
|HR 5744|12Iot Dra |15 24 55.80|+58 57 58.0| 3.29|
|HR 322 |Bet Phe   |01 06 04.99|-46 43 07.0| 3.31|
|HR 1702|5Mu  Lep  |05 12 55.90|-16 12 20.2| 3.31|
|HR 4660|69Del UMa |12 15 25.61|+57 01 57.0| 3.31|
|HR 7234|40Tau Sgr |19 06 56.40|-27 40 14.2| 3.32|
|HR 4037|Ome Car   |10 13 44.21|-70 02 17.2| 3.32|
|HR 4140|          |10 32 01.39|-61 41 07.1| 3.32|
|HR 6380|Eta Sco   |17 12 09.19|-43 14 21.1| 3.33|
|HR 4359|70The Leo |11 14 14.40|+15 25 45.8| 3.34|
|HR 3045|7Xi  Pup  |07 49 17.71|-24 51 34.9| 3.34|
|HR 6698|64Nu  Oph |17 59 01.61|-09 46 25.0| 3.34|
|HR 6462|Gam Ara   |17 25 23.59|-56 22 39.0| 3.34|
|HR 8465|21Zet Cep |22 10 51.29|+58 12 04.0| 3.35|
|HR 1336|Alp Ret   |04 14 25.51|-62 28 26.0| 3.35|
|HR 2484|31Xi  Gem |06 45 17.40|+12 53 44.2| 3.36|
|HR 1788|28Eta Ori |05 24 28.61|-02 23 48.8| 3.36|
|HR 3323|1Omi UMa  |08 30 15.91|+60 43 05.2| 3.36|
|HR 7377|30Del Aql |19 25 29.90|+03 06 52.9| 3.36|
|HR 5708|Eps Lup   |15 22 40.90|-44 41 21.8| 3.37|
|HR 5107|79Zet Vir |13 34 41.59|-00 35 44.9| 3.37|
|HR 542 |45Eps Cas |01 54 23.69|+63 40 12.0| 3.38|
|HR 4910|43Del Vir |12 55 36.19|+03 23 51.0| 3.38|
|HR 3482|11Eps Hya |08 46 46.61|+06 25 08.0| 3.38|
|HR 921 |25Rho Per |03 05 10.61|+38 50 25.1| 3.39|
|HR 8634|42Zet Peg |22 41 27.70|+10 49 53.0| 3.40|
|HR 1412|78The2Tau |04 28 39.70|+15 52 14.9| 3.40|
|HR 4050|          |10 17 04.99|-61 19 55.9| 3.40|
|HR 5649|Zet Lup   |15 12 17.09|-52 05 57.1| 3.41|
|HR 5190|Nu  Cen   |13 49 30.31|-41 41 16.1| 3.41|
|HR 429 |Gam Phe   |01 28 21.89|-43 19 05.9| 3.41|
|HR 5948|Eta Lup   |16 00 07.30|-38 23 48.8| 3.41|
|HR 544 |2Alp Tri  |01 53 04.90|+29 34 44.0| 3.41|
|HR 6623|86Mu  Her |17 46 27.50|+27 43 14.2| 3.42|
|HR 7913|Bet Pav   |20 44 57.50|-66 12 11.2| 3.42|
|HR 7957|3Eta Cep  |20 45 17.40|+61 50 20.0| 3.43|
|HR 4031|36Zet Leo |10 16 41.40|+23 25 01.9| 3.44|
|HR 219 |24Eta Cas |00 49 06.00|+57 48 56.9| 3.44|
|HR 7236|16Lam Aql |19 06 14.90|-04 52 57.0| 3.44|
|HR 3659|          |09 10 58.01|-58 58 00.8| 3.44|
|HR 7106|10Bet Lyr |18 50 04.80|+33 21 46.1| 3.45|
|HR 4033|33Lam UMa |10 17 05.81|+42 54 51.8| 3.45|
|HR 334 |31Eta Cet |01 08 35.40|-10 10 55.9| 3.45|
|HR 3117|Chi Car   |07 56 46.70|-52 58 55.9| 3.47|
|HR 1239|35Lam Tau |04 00 40.80|+12 29 25.1| 3.47|
|HR 7635|12Gam Sge |19 58 45.41|+19 29 31.9| 3.47|
|HR 5681|49Del Boo |15 15 30.19|+33 18 52.9| 3.47|
|HR 2646|22Sig CMa |07 01 43.10|-27 56 04.9| 3.47|
|HR 804 |86Gam Cet |02 43 18.00|+03 14 08.9| 3.47|
|HR 6406|64Alp1Her |17 14 38.90|+14 23 25.1| 3.48|
|HR 8684|48Mu  Peg |22 50 00.19|+24 36 06.1| 3.48|
|HR 4377|54Nu  UMa |11 18 28.70|+33 05 39.1| 3.48|
|HR 8675|Eps Gru   |22 48 33.31|-51 19 00.8| 3.49|
|HR 5602|42Bet Boo |15 01 56.81|+40 23 26.2| 3.50|
|HR 509 |52Tau Cet |01 44 04.10|-15 56 15.0| 3.50|
|HR 6897|Alp Tel   |18 26 58.39|-45 58 05.9| 3.51|
|HR 7150|37Xi 2Sgr |18 57 43.80|-21 06 24.1| 3.51|
|HR 3249|17Bet Cnc |08 16 30.91|+09 11 08.2| 3.52|
|HR 3852|14Omi Leo |09 41 09.00|+09 53 31.9| 3.52|
|HR 3975|30Eta Leo |10 07 19.99|+16 45 46.1| 3.52|
|HR 8694|32Iot Cep |22 49 40.80|+66 12 02.2| 3.52|
|HR 1409|74Eps Tau |04 28 37.01|+19 10 49.1| 3.53|
|HR 2777|55Del Gem |07 20 07.39|+21 58 55.9| 3.53|
|HR 6220|44Eta Her |16 42 53.81|+38 55 19.9| 3.53|
|HR 5881|32Mu  Ser |15 49 37.20|-03 25 49.1| 3.53|
|HR 8450|26The Peg |22 10 12.00|+06 11 52.1| 3.53|
|HR 1879|39Lam Ori |05 35 08.30|+09 56 03.1| 3.54|
|HR 4450|Xi  Hya   |11 33 00.10|-31 51 28.1| 3.54|
|HR 6561|55Xi  Ser |17 37 35.21|-15 23 55.0| 3.54|
|HR 1136|23Del Eri |03 43 14.90|-09 45 47.9| 3.54|
|HR 3940|Phi Vel   |09 56 51.79|-54 34 04.1| 3.54|
|HR 5354|Iot Lup   |14 19 24.19|-46 03 28.1| 3.55|
|HR 1998|14Zet Lep |05 46 57.29|-14 49 18.8| 3.55|
|HR 674 |Phi Eri   |02 16 30.60|-51 30 43.9| 3.56|
|HR 1347|41Ups4Eri |04 17 53.69|-33 47 53.9| 3.56|
|HR 5705|Phi1Lup   |15 21 48.41|-36 15 41.0| 3.56|
|HR 4382|12Del Crt |11 19 20.50|-14 46 43.0| 3.56|
|HR 74  |8Iot Cet  |00 19 25.70|-08 49 26.0| 3.56|
|HR 7665|Del Pav   |20 08 43.61|-66 10 54.8| 3.56|
|HR 6252|Mu 2Sco   |16 52 20.11|-38 01 03.0| 3.57|
|HR 2985|77Kap Gem |07 44 26.81|+24 23 53.2| 3.57|
|HR 464 |51    And |01 37 59.59|+48 37 41.9| 3.57|
|HR 7754|6Alp2Cap  |20 18 03.31|-12 32 40.9| 3.57|
|HR 6927|44Chi Dra |18 21 03.41|+72 43 58.1| 3.57|
|HR 2763|54Lam Gem |07 18 05.59|+16 32 25.1| 3.58|
|HR 5429|25Rho Boo |14 31 49.80|+30 22 17.0| 3.58|
|HR 5794|39Ups Lib |15 37 01.51|-28 08 06.0| 3.58|
|HR 4700|Eps Cru   |12 21 21.60|-60 24 04.0| 3.59|
|HR 1030|1Omi Tau  |03 24 48.79|+09 01 44.0| 3.60|
|HR 3786|Psi Vel   |09 30 42.00|-40 28 00.1| 3.60|
|HR 2540|34The Gem |06 52 47.30|+33 57 40.0| 3.60|
|HR 1983|13Gam Lep |05 44 27.79|-22 26 53.9| 3.60|
|HR 3594|12Kap UMa |09 03 37.49|+47 09 24.1| 3.60|
|HR 1735|20Tau Ori |05 17 36.41|-06 50 39.8| 3.60|
|HR 402 |45The Cet |01 24 01.39|-08 10 59.9| 3.60|
|HR 3017|          |07 45 15.31|-37 58 07.0| 3.61|
|HR 3994|41Lam Hya |10 10 35.30|-12 21 15.1| 3.61|
|HR 4540|5Bet Vir  |11 50 41.71|+01 45 52.9| 3.61|
|HR 3447|          |08 40 17.59|-52 55 18.8| 3.62|
|HR 437 |99Eta Psc |01 31 28.99|+15 20 44.9| 3.62|
|HR 6271|Zet2Sco   |16 54 34.99|-42 21 41.0| 3.62|
|HR 8762|1Omi And  |23 01 55.30|+42 19 34.0| 3.62|
|HR 4923|Del Mus   |13 02 16.20|-71 32 56.0| 3.62|
|HR 6582|Eta Pav   |17 45 43.99|-64 43 26.0| 3.62|
|HR 6500|Del Ara   |17 31 05.90|-60 41 02.0| 3.62|
|HR 7882|6Bet Del  |20 37 33.00|+14 35 43.1| 3.63|
|HR 1178|27    Tau |03 49 09.70|+24 03 11.9| 3.63|
|HR 838 |41    Ari |02 49 58.99|+27 15 38.2| 3.63|
|HR 4520|Lam Mus   |11 45 36.41|-66 43 43.0| 3.64|
|HR 1346|54Gam Tau |04 19 47.59|+15 37 39.0| 3.65|
|HR 5291|11Alp Dra |14 04 23.30|+64 22 32.9| 3.65|
|HR 4825|29Gam Vir |12 41 39.60|-01 26 57.8| 3.65|
|HR 7986|Bet Ind   |20 54 48.60|-58 27 15.1| 3.65|
|HR 6743|The Ara   |18 06 37.90|-50 05 30.1| 3.66|
|HR 5812|40Tau Lib |15 38 39.41|-29 46 40.1| 3.66|
|HR 8812|88    Aqr |23 09 26.81|-21 10 21.0| 3.66|
|HR 153 |17Zet Cas |00 36 58.30|+53 53 48.8| 3.66|
|HR 5867|28Bet Ser |15 46 11.30|+15 25 18.8| 3.67|
|HR 3757|23    UMa |09 31 31.70|+63 03 42.8| 3.67|
|HR 5747|3Bet CrB  |15 27 49.70|+29 06 20.9| 3.68|
|HR 3468|Alp Pyx   |08 43 35.50|-33 11 11.0| 3.68|
|HR 8278|40Gam Cap |21 40 05.50|-16 39 43.9| 3.68|
|HR 4826|29Gam Vir |12 41 39.60|-01 26 57.8| 3.68|
|HR 1003|16Tau4Eri |03 19 31.01|-21 45 28.1| 3.69|
|HR 1552|3Pi 4Ori  |04 51 12.41|+05 36 18.0| 3.69|
|HR 3884|          |09 45 14.81|-62 30 28.1| 3.69|
|HR 8852|6Gam Psc  |23 17 09.91|+03 16 55.9| 3.69|
|HR 566 |Chi Eri   |01 55 57.50|-51 36 32.0| 3.70|
|HR 1142|17    Tau |03 44 52.51|+24 06 47.9| 3.70|
|HR 6703|92Xi  Her |17 57 45.91|+29 14 52.1| 3.70|
|HR 2085|16Eta Lep |05 56 24.29|-14 10 04.1| 3.71|
|HR 4518|63Chi UMa |11 46 03.00|+47 46 45.8| 3.71|
|HR 5892|37Eps Ser |15 50 49.01|+04 28 40.1| 3.71|
|HR 7602|60Bet Aql |19 55 18.79|+06 24 24.1| 3.71|
|HR 8130|65Tau Cyg |21 14 47.50|+38 02 44.2| 3.72|
|HR 8079|62Xi  Cyg |21 04 55.90|+43 55 40.1| 3.72|
|HR 2077|33Del Aur |05 59 31.61|+54 17 04.9| 3.72|
|HR 5511|109    Vir|14 46 14.90|+01 53 34.1| 3.72|
|HR 1567|8Pi 5Ori  |04 54 15.10|+02 26 26.2| 3.72|
|HR 6771|72    Oph |18 07 21.00|+09 33 50.0| 3.73|
|HR 3080|          |07 52 13.01|-40 34 32.9| 3.73|
|HR 539 |55Zet Cet |01 51 27.60|-10 20 06.0| 3.73|
|HR 1084|18Eps Eri |03 32 55.80|-09 27 29.9| 3.73|
|HR 1038|2Xi  Tau  |03 27 10.20|+09 43 58.1| 3.74|
|HR 8204|34Zet Cap |21 26 40.01|-22 24 41.0| 3.74|
|HR 8698|73Lam Aqr |22 52 36.89|-07 34 46.9| 3.74|
|HR 3614|          |09 04 09.31|-47 05 52.1| 3.75|
|HR 6095|20Gam Her |16 21 55.20|+19 09 11.2| 3.75|
|HR 1612|8Zet Aur  |05 02 28.70|+41 04 32.9| 3.75|
|HR 6688|32Xi  Dra |17 53 31.70|+56 52 22.1| 3.75|
|HR 8571|27Del Cep |22 29 10.30|+58 24 55.1| 3.75|
|HR 6629|62Gam Oph |17 47 53.59|+02 42 25.9| 3.75|
|HR 8254|Nu  Oct   |21 41 28.49|-77 23 24.0| 3.76|
|HR 1373|61Del1Tau |04 22 56.09|+17 32 33.0| 3.76|
|HR 8430|24Iot Peg |22 07 00.70|+25 20 42.0| 3.76|
|HR 834 |15Eta Per |02 50 41.81|+55 53 44.2| 3.76|
|HR 6229|Eta Ara   |16 49 47.09|-59 02 29.0| 3.76|
|HR 1922|Bet Dor   |05 33 37.49|-62 29 22.9| 3.76|
|HR 7906|9Alp Del  |20 39 38.30|+15 54 42.8| 3.77|
|HR 7217|39Omi Sgr |19 04 40.99|-21 44 30.1| 3.77|
|HR 1135|41Nu  Per |03 45 11.59|+42 34 43.0| 3.77|
|HR 7950|2Eps Aqr  |20 47 40.61|-09 29 44.9| 3.77|
|HR 7328|1Kap Cyg  |19 17 06.19|+53 22 07.0| 3.77|
|HR 8585|7Alp Lac  |22 31 17.50|+50 16 57.0| 3.77|
|HR 3347|Bet Vol   |08 25 44.21|-66 08 12.8| 3.77|
|HR 2736|Gam2Vol   |07 08 44.90|-70 29 56.0| 3.78|
|HR 4257|          |10 53 29.59|-58 51 11.9| 3.78|
|HR 2650|43Zet Gem |07 04 06.50|+20 34 13.1| 3.79|
|HR 2821|60Iot Gem |07 25 43.61|+27 47 53.2| 3.79|
|HR 7735|31    Cyg |20 13 37.90|+46 44 29.0| 3.79|
|HR 7420|10Iot2Cyg |19 29 42.29|+51 43 46.9| 3.79|
|HR 5788|13Del Ser |15 34 48.10|+10 32 15.0| 3.80|
|HR 5789|13Del Ser |15 34 48.10|+10 32 21.1| 3.80|
|HR 4058|41Gam2Leo |10 19 58.61|+19 50 26.2| 3.80|
|HR 941 |27Kap Per |03 09 29.81|+44 51 25.9| 3.80|
|HR 6588|85Iot Her |17 39 27.89|+46 00 23.0| 3.80|
|HR 3888|29Ups UMa |09 50 59.40|+59 02 19.0| 3.80|
|HR 2035|15Del Lep |05 51 19.30|-20 52 45.1| 3.81|
|HR 4094|42Mu  Hya |10 26 05.40|-16 50 11.0| 3.81|
|HR 1931|48Sig Ori |05 38 44.81|-02 36 00.0| 3.81|
|HR 7536|7Del Sge  |19 47 23.30|+18 32 03.1| 3.82|
|HR 1464|52Ups2Eri |04 35 33.00|-30 33 43.9| 3.82|
|HR 3690|38    Lyn |09 18 50.69|+36 48 09.0| 3.82|
|HR 8961|16Lam And |23 37 33.89|+46 27 29.2| 3.82|
|HR 6149|10Lam Oph |16 30 54.79|+01 59 02.0| 3.82|
|HR 4114|          |10 27 52.70|-58 44 21.8| 3.82|
|HR 5470|Alp Aps   |14 47 51.60|-79 02 40.9| 3.83|
|HR 5248|Phi Cen   |13 58 16.30|-42 06 02.9| 3.83|
|HR 6779|103Omi Her|18 07 32.59|+28 45 45.0| 3.83|
|HR 4247|46    LMi |10 53 18.70|+34 12 54.0| 3.83|
|HR 1131|38Omi Per |03 44 19.10|+32 17 17.9| 3.83|
|HR 7582|63Eps Dra |19 48 10.39|+70 16 04.1| 3.83|
|HR 3445|          |08 40 37.61|-46 38 56.0| 3.84|
|HR 1411|77The1Tau |04 28 34.51|+15 57 43.9| 3.84|
|HR 4167|          |10 37 18.10|-48 13 32.9| 3.84|
|HR 6895|109    Her|18 23 41.90|+21 46 10.9| 3.84|
|HR 5849|8Gam CrB  |15 42 44.59|+26 17 44.2| 3.84|
|HR 8518|48Gam Aqr |22 21 39.41|-01 23 13.9| 3.84|
|HR 4434|1Lam Dra  |11 31 24.19|+69 19 52.0| 3.84|
|HR 3571|          |08 55 02.81|-60 38 40.9| 3.84|
|HR 2020|Bet Pic   |05 47 17.11|-51 03 59.0| 3.85|
|HR 4133|47Rho Leo |10 32 48.70|+09 18 24.1| 3.85|
|HR 5933|41Gam Ser |15 56 27.19|+15 39 42.1| 3.85|
|HR 4023|          |10 14 44.21|-42 07 18.8| 3.85|
|HR 2296|Del Col   |06 22 06.79|-33 26 11.0| 3.85|
|HR 2749|28Ome CMa |07 14 48.70|-26 46 22.1| 3.85|
|HR 6973|Alp Sct   |18 35 12.41|-08 14 39.1| 3.85|
|HR 1175|Bet Ret   |03 44 12.00|-64 48 24.8| 3.85|
|HR 6030|Del TrA   |16 15 26.30|-63 41 08.2| 3.85|
|HR 4802|Tau Cen   |12 37 42.19|-48 32 28.0| 3.86|
|HR 1326|Alp Hor   |04 14 00.10|-42 17 39.8| 3.86|
|HR 6695|91The Her |17 56 15.19|+37 15 02.2| 3.86|
|HR 6812|13Mu  Sgr |18 13 45.79|-21 03 32.0| 3.86|
|HR 5249|Ups1Cen   |13 58 40.80|-44 48 13.0| 3.87|
|HR 5646|Kap1Lup   |15 11 56.09|-48 44 16.1| 3.87|
|HR 1862|Eps Col   |05 31 12.70|-35 28 14.2| 3.87|
|HR 1149|20    Tau |03 45 49.61|+24 22 04.1| 3.87|
|HR 963 |Alp For   |03 12 04.30|-28 59 12.8| 3.87|
|HR 269 |37Mu  And |00 56 45.19|+38 29 57.8| 3.87|
|HR 2580|16Omi1CMa |06 54 07.90|-24 11 02.0| 3.87|
|HR 1481|53    Eri |04 38 10.80|-14 18 14.0| 3.87|
|HR 4773|Gam Mus   |12 32 28.01|-72 07 59.2| 3.87|
|HR 4787|5Kap Dra  |12 33 28.99|+69 47 17.9| 3.87|
|HR 25  |Eps Phe   |00 09 24.70|-45 44 51.0| 3.88|
|HR 5089|          |13 31 02.69|-39 24 27.0| 3.88|
|HR 3905|24Mu  Leo |09 52 45.79|+26 00 24.8| 3.88|
|HR 5928|5Rho Sco  |15 56 53.11|-29 12 51.1| 3.88|
|HR 5487|107Mu  Vir|14 43 03.60|-05 39 29.9| 3.88|
|HR 3665|22The Hya |09 14 21.89|+02 18 51.1| 3.88|
|HR 6102|Gam Aps   |16 33 27.00|-78 53 49.9| 3.89|
|HR 7615|21Eta Cyg |19 56 18.41|+35 04 59.9| 3.89|
|HR 6092|22Tau Her |16 19 44.40|+46 18 47.9| 3.89|
|HR 874 |3Eta Eri  |02 56 25.70|-08 53 53.2| 3.89|
|HR 4689|15Eta Vir |12 19 54.41|-00 40 00.8| 3.89|
|HR 4390|Pi  Cen   |11 21 00.41|-54 29 28.0| 3.89|
|HR 8820|Iot Gru   |23 10 21.60|-45 14 48.1| 3.90|
|HR 3314|          |08 25 39.60|-03 54 23.0| 3.90|
|HR 7570|55Eta Aql |19 52 28.39|+01 00 20.2| 3.90|
|HR 4743|Sig Cen   |12 28 02.40|-50 13 50.2| 3.91|
|HR 3487|          |08 46 01.70|-46 02 30.1| 3.91|
|HR 5787|38Gam Lib |15 35 31.61|-14 47 21.8| 3.91|
|HR 3845|35Iot Hya |09 39 51.41|-01 08 34.1| 3.91|
|HR 4337|          |11 08 35.40|-58 58 30.0| 3.91|
|HR 1251|38Nu  Tau |04 03 09.41|+05 59 21.1| 3.91|
|HR 6324|58Eps Her |17 00 17.40|+30 55 35.0| 3.92|
|HR 8131|8Alp Equ  |21 15 49.39|+05 14 52.1| 3.92|
|HR 338 |Zet Phe   |01 08 23.11|-55 14 44.9| 3.92|
|HR 7340|44Rho1Sgr |19 21 40.39|-17 50 49.9| 3.93|
|HR 2970|26Alp Mon |07 41 14.81|-09 33 04.0| 3.93|
|HR 1463|48Nu  Eri |04 36 19.10|-03 21 09.0| 3.93|
|HR 4399|78Iot Leo |11 23 55.49|+10 31 45.1| 3.94|
|HR 3461|47Del Cnc |08 44 41.09|+18 09 15.1| 3.94|
|HR 100 |Kap Phe   |00 26 12.19|-43 40 48.0| 3.94|
|HR 8028|58Nu  Cyg |20 57 10.39|+41 10 01.9| 3.94|
|HR 440 |Del Phe   |01 31 15.10|-49 04 22.1| 3.95|
|HR 8667|47Lam Peg |22 46 31.90|+23 33 56.2| 3.95|
|HR 5883|5Chi Lup  |15 50 57.50|-33 37 37.9| 3.95|
|HR 2429|7Nu 2CMa  |06 36 40.99|-19 15 20.9| 3.95|
|HR 854 |18Tau Per |02 54 15.50|+52 45 45.0| 3.95|
|HR 5055|79Zet UMa |13 23 56.40|+54 55 18.1| 3.95|
|HR 3024|Zet Vol   |07 41 49.20|-72 36 22.0| 3.95|
|HR 4638|Rho Cen   |12 11 39.10|-52 22 07.0| 3.96|
|HR 2120|Eta Col   |05 59 08.81|-42 48 55.1| 3.96|
|HR 1393|43    Eri |04 24 02.21|-34 01 00.8| 3.96|
|HR 2538|13Kap CMa |06 49 50.50|-32 30 31.0| 3.96|
|HR 2996|3    Pup  |07 43 48.50|-28 57 16.9| 3.96|
|HR 5993|9Ome1Sco  |16 06 48.41|-20 40 09.1| 3.96|
|HR 7590|Eps Pav   |20 00 35.50|-72 54 38.2| 3.96|
|HR 7348|Alp Sgr   |19 23 53.21|-40 36 58.0| 3.97|
|HR 8556|Del1Gru   |22 29 16.20|-43 29 44.2| 3.97|
|HR 3438|Bet Pyx   |08 40 06.19|-35 18 29.9| 3.97|
|HR 3579|          |09 00 38.40|+41 46 58.1| 3.97|
|HR 2012|32Nu  Aur |05 51 29.40|+39 08 55.0| 3.97|
|HR 8892|98    Aqr |23 22 58.20|-20 06 02.2| 3.97|
|HR 3663|          |09 11 16.61|-62 19 01.9| 3.97|
|HR 6714|67    Oph |18 00 38.71|+02 55 54.1| 3.97|
|HR 7751|32    Cyg |20 15 28.30|+47 42 51.8| 3.98|
|HR 2227|5Gam Mon  |06 14 51.31|-06 16 28.9| 3.98|
|HR 580 |50    Cas |02 03 26.09|+72 25 17.0| 3.98|
|HR 2803|Del Vol   |07 16 49.80|-67 57 25.9| 3.98|
|HR 8848|Gam Tuc   |23 17 25.80|-58 14 08.9| 3.99|
|HR 868 |          |02 53 52.90|-49 53 25.1| 4.00|
|HR 5471|          |14 41 57.60|-37 47 37.0| 4.00|
|HR 585 |59Ups Cet |02 00 00.29|-21 04 40.1| 4.00|
|HR 4102|          |10 24 23.71|-74 01 54.1| 4.00|
|HR 3615|Alp Vol   |09 02 26.81|-66 23 46.0| 4.00|
